power特征码
00 00 80 3F 00 00 00 00 00 00 0C 42 00 00 0C 42 00 01 00 00 00 00 00 00 80 C4 71 C1 62 02 00 00 00 00 00 00 00 00 00 00 00 00 00 00 00 00 00 00 00 00 B4 42 00 00 00 00 00 16 38 B6 62 02 00 00 AC E0 B3 44 00 C8 ED 45 6A 95 44 45 00 00 00 00 00 AB 0C B5 62 02 00 00

00 80 3F 00 00 00 00 00 00 30 42 00 00 48 42 00 01 00 00 00 00 00 00 00 0B D1 0E 07 02 00 00 00 00 00 00 00 00 00 00 00 00 00 00 00 00 00 00 00 00 B4 42 00 00 00 00 00 07 6E 10 07 02 00 00 D0 74 CD 44 62 1C 62 45 00 80 D0 C3 00 00 00 00 20 36 48 0E 07 02 00 00

00 80 3F 00 00 00 00 00 00 30 42 00 00 48 42 00 01 00 00 00 00 00 00 80 07 B9 01 23 02 00 00 00 00 00 00 00 00 00 00 00 00 00 00 00 00 00 00 00 00 B4 42 00 00 00 00 00 D9 E6 57 23 02 00 00 F8 7F 0E 45 0A 40 6B 45 D5 F6 CF C3 00 00 00 00 D0 30 DA 59 23 02 00 00

00 80 3F 00 00 00 00 00 00 C0 40 00 00 48 42 01 01 00 00 00 00 00 00 80 07 B9 01 23 02 00 00 00 00 00 00 00 00 00 00 00 00 00 00 00 00 00 00 00 00 B4 42 00 00 00 00 00 D9 E6 57 23 02 00 00 CB 94 8D 44 90 CD 61 45 D5 F6 CF C3 00 00 00 00 D0 30 DA 59 23 02 00 00

00 80 3F 00 00 00 00 00 00 48 42 00 00 48 42 00 01 00 00 00 00 00 00 80 7E EF 9B 12 02 00 00 00 00 00 00 00 00 00 00 00 00 00 00 00 00 00 00 00 00 B4 42 00 00 00 00 00 22 20 A1 12 02 00 00 F8 7F 0E 45 0A 40 6B 45 D5 F6 CF C3 00 00 00 00 D0 30 C9 A9 12 02 00 00

00 80 3F 00 00 00 00 00 00 0C 42 00 00 0C 42 00 01 00 00 00 00 00 00 80 BD 3B B5 62 02 00 00 00 00 00 00 00 00 00 00 00 00 00 00 00 00 00 00 00 00 B4 42 00 00 00 00 00 10 E9 B9 62 02 00 00 68 F8 A1 44 4A 71 F0 45 21 87 44 45 00 00 00 00 00 AB 0C B5 62 02 00 00

00 80 3F 00 00 00 00 00 00 34 42 00 00 34 42 00 01 00 00 00 00 00 00 00 3C 0D A7 62 02 00 00 00 00 00 00 00 00 00 00 00 00 00 00 00 00 00 00 00 00 B4 42 00 00 00 00 00 A6 C0 BE 62 02 00 00 00 88 E1 45 00 F0 29 45 00 00 F0 41 00 00 00 00 00 AB 0C B5 62 02 00 00

00 80 3F 00 00 00 00 00 00 48 42 00 00 48 42 00 01 00 00 00 00 00 00 00 51 5B AB 62 02 00 00 00 00 00 00 00 00 00 00 00 00 00 00 00 00 00 00 00 00 B4 42 00 00 00 00 00 AF 0A BC 62 02 00 00 68 6A 16 45 38 7F 6F 45 D5 F6 CF C3 00 00 00 00 00 AB 0C B5 62 02 00 00

区分
00 80 3F 01 00 00 00 00 00 48 42 00 00 48 42 00 01 00 00 00 00 00 00 00 20 B7 BF 62 02 00 00 00 00 00 00 00 00 00 00 00 00 00 00 00 00 00 00 00 00 B4 42 00 00 00 00 00 D6 0A BC 62 02 00 00 F8 7F 0E 45 0A 40 6B 45 D5 F6 CF C3 00 00 00 00 00 AB 0C B5 62 02 00 00