F4 01 00 00 85 05 00 00 00 00 00 00 00 00 00 00 3C 50 00 00 6E 7F 00 00 38 97 2F 12 00 00 00 00 
00 00 00 00 05 00 00 00 00 00 00 00 00 00 00 00 00 00 00 00 00 00 00 00 00 00 00 00 00 00 00 00 
38 97 2F 12 00 00 00 00 00 00 00 00 05 00 00 00 1F 00 00 00 01 00 00 00 00 00 00 00 00 00 00 00 
0A 00 00 00 00 00 00 00 38 97 2F 12 00 00 00 00 00 00 00 00 05 00 00 00 00 00 00 00 00 00 00 00 
00 00 00 00 00 00 00 00 00 00 00 00 3B 59 00 00 38 97 2F 12 00 00 00 00 00 00 00 00 05 00 00 00 
00 00 00 00 00 00 00 00 00 00 00 00 00 00 00 00 00 00 00 00 00 00 00 00 38 97 2F 12 00 00 00 00 
00 00 00 00 05 00 00 00 1F 00 00 00 01 00 00 00 00 00 00 00 00 00 00 00 0A 00 00 00 00 00 00 00 
38 97 2F 12 00 00 00 00 00 00 00 00 05 00 00 00 23 00 00 00 00 00 00 00 00 00 00 00 03 00 00 00 
0A 00 00 00 FD 55 00 00 38 97 2F 12 00 00 00 00 00 00 00 00 05 00 00 00 00 00 00 00 00 00 00 00 
00 00 00 00 00 00 00 00 00 00 00 00 00 00 00 00 38 97 2F 12 00 00 00 00 00 00 00 00 05 00 00 00 
1F 00 00 00 01 00 00 00 00 00 00 00 00 00 00 00 0A 00 00 00 00 00 00 00 30 41 CC 12 00 00 00 00 
00 00 00 00 00 00 00 00 00 00 00 00 00 00 00 00 00 00 00 00 00 00 00 00 0A 00 00 00 FE FF FF FF 
38 97 2F 12 00 00 00 00 00 00 00 00 05 00 00 00 00 00 00 00 00 00 00 00 00 00 00 00 00 00 00 00 
00 00 00 00 00 00 00 00 38 97 2F 12 00 00 00 00 00 00 00 00 05 00 00 00 1F 00 00 00 01 00 00 00 
00 00 00 00 00 00 00 00 0A 00 00 00 00 00 00 00 38 97 2F 12 00 00 00 00 00 00 00 00 05 00 00 00 
00 00 00 00 00 00 00 00 00 00 00 00 00 00 00 00 00 00 00 00 84 62 00 00 38 97 2F 12 00 00 00 00 
00 00 00 00 05 00 00 00 00 00 00 00 00 00 00 00 00 00 00 00 00 00 00 00 00 00 00 00 00 00 00 00 
38 97 2F 12 00 00 00 00 00 00 00 00 05 00 00 00 1F 00 00 00 01 00 00 00 00 00 00 00 00 00 00 00
