F4 01 00 00 5C 03 00 00 00 00 00 00 00 00 00 00 00 37 92 1D 00 00 00 00 D0 56 F8 00 00 00 00 00 
0C 00 00 00 3C 00 2F 00 63 00 6F 00 6C 00 6F 00 72 00 3E 00 3C 00 2F 00 62 00 3E 00 00 00 00 00 
D0 56 F8 00 00 00 00 00 0B 00 00 00 3C 00 62 00 3E 00 3C 00 63 00 6F 00 6C 00 6F 00 72 00 3D 00 
23 00 00 00 00 00 00 00 D0 56 F8 00 00 00 00 00 09 00 00 00 4E 00 6F 00 64 00 65 00 66 00 65 00 
61 00 74 00 0A 00 00 00 01 00 00 00 00 00 00 00 C0 FA 4F 12 00 00 00 00 00 00 00 00 05 00 00 00 
25 00 00 00 05 00 00 00 00 00 00 00 00 00 00 00 0A 00 00 00 00 00 00 00 B0 15 EE 12 00 00 00 00 
00 00 00 00 00 00 00 00 00 00 00 00 00 00 00 00 00 00 00 00 00 00 00 00 09 00 00 00 00 00 00 00 
D0 56 F8 00 00 00 00 00 0B 00 00 00 3C 00 2F 00 63 00 6F 00 6C 00 6F 00 72 00 3E 00 20 00 2D 00 
20 00 00 00 00 00 00 00 D0 56 F8 00 00 00 00 00 0B 00 00 00 6D 00 65 00 6E 00 75 00 73 00 5F 00 
70 00 61 00 75 00 73 00 65 00 00 00 00 00 00 00 C0 FA 4F 12 00 00 00 00 00 00 00 00 05 00 00 00 
00 00 00 00 00 00 00 00 00 00 00 00 00 00 00 00 00 00 00 00 00 00 00 00 D0 56 F8 00 00 00 00 00 
09 00 00 00 D1 8F 1F 67 F2 5D 00 5F CB 59 84 76 D4 6B 5B 8D 3A 00 00 00 01 00 00 00 00 00 00 00 
C0 FA 4F 12 00 00 00 00 00 00 00 00 04 00 00 00 00 00 00 00 00 00 00 00 00 00 00 00 00 00 00 00 
40 09 50 12 00 00 00 00 C0 FA 4F 12 00 00 00 00 00 00 00 00 04 00 00 00 34 44 0F 00 34 44 0F 00 
40 42 0F 00 00 00 00 00 01 00 00 00 00 00 00 00 C0 FA 4F 12 00 00 00 00 00 00 00 00 04 00 00 00 
BE 46 0F 00 28 46 0F 00 40 42 0F 00 00 00 00 00 00 37 92 1D 00 00 00 00 C0 FA 4F 12 00 00 00 00 
00 00 00 00 04 00 00 00 00 00 00 00 00 00 00 00 00 00 00 00 00 00 00 00 00 00 00 00 00 00 00 00 
C0 FA 4F 12 00 00 00 00 00 00 00 00 04 00 00 00 00 00 00 00 00 00 00 00 00 00 00 00 00 00 00 00
